%YAML:1.0
---
image_width: "640"
image_height: "376"
camera_name: camera/right
camera_matrix: !!opencv-matrix
  rows: 3
  cols: 3
  dt: d
  data:
    [
      6.4061907299502366e+02,
      0.,
      3.0689677969402015e+02,
      0.,
      6.4181450871362188e+02,
      1.7962637996117101e+02,
      0.,
      0.,
      1.,
    ]
distortion_model: plumb_bob
distortion_coefficients: !!opencv-matrix
  rows: 1
  cols: 5
  dt: d
  data:
    [
      6.5592838076552681e-02,
      -5.8829632281904742e-01,
      -1.3762650538940048e-04,
      1.6012890531706765e-03,
      1.6630698957524226e+00,
    ]
rectification_matrix: !!opencv-matrix
  rows: 3
  cols: 3
  dt: d
  data:
    [
      9.9999763245007445e-01,
      -1.4086001305370387e-03,
      -1.6585957669652824e-03,
      1.4048869610181324e-03,
      9.9999650930215633e-01,
      -2.2377837538596250e-03,
      1.6617421197964155e-03,
      2.2354483162282555e-03,
      9.9999612068445187e-01,
    ]
projection_matrix: !!opencv-matrix
  rows: 3
  cols: 4
  dt: d
  data:
    [
      6.8145570584565303e+02,
      0.,
      3.1339016342163086e+02,
      -3.8004664656340559e+04,
      0.,
      6.8145570584565303e+02,
      1.8394522666931152e+02,
      0.,
      0.,
      0.,
      1.,
      0.,
    ]
