%YAML:1.0
---
image_width: "640"
image_height: "376"
camera_name: camera/left
camera_matrix: !!opencv-matrix
  rows: 3
  cols: 3
  dt: d
  data:
    [
      6.4022970435933064e+02,
      0.,
      3.1704165588881540e+02,
      0.,
      6.4114659053087792e+02,
      1.8780034630978469e+02,
      0.,
      0.,
      1.,
    ]
distortion_model: plumb_bob
distortion_coefficients: !!opencv-matrix
  rows: 1
  cols: 5
  dt: d
  data:
    [
      7.0131239379632046e-02,
      -9.0962255690033933e-01,
      7.5808782086509775e-04,
      2.7407336401835181e-03,
      3.9418559332230108e+00,
    ]
rectification_matrix: !!opencv-matrix
  rows: 3
  cols: 3
  dt: d
  data:
    [
      9.9999561259759540e-01,
      -1.4169918617361549e-03,
      2.6013303565256734e-03,
      1.4111701304901740e-03,
      9.9999649895229148e-01,
      2.2384552759836585e-03,
      -2.6044931220529184e-03,
      -2.2347745352809317e-03,
      9.9999411118183779e-01,
    ]
projection_matrix: !!opencv-matrix
  rows: 3
  cols: 4
  dt: d
  data:
    [
      6.8145570584565303e+02,
      0.,
      3.1339016342163086e+02,
      0.,
      0.,
      6.8145570584565303e+02,
      1.8394522666931152e+02,
      0.,
      0.,
      0.,
      1.,
      0.,
    ]
